37 56 78
56 78
45 67
12 57
23 68
13 24
25 38
14 26 35
27 35
67


[0, 1, 2, 9] [3 4 5 6 7 8]
[0, 1, 2, 9] 
[0, 1, 2, 9]
37 56 78

[0, 1, 2, 3] [4 5 6 7 8 9]
[0, 1, 2, 3]
45(58) 67

[0, 9, 3, 4] [1 2 5 6 7 8]
[0, 9, 3, 4]
12 57

[0, 1, 4, 5] [2 3 6 7 8 9]
[0, 1, 4, 5]
23 68

[0, 9, 5, 6] [1 2 3 4 7 8]
[0, 9, 5, 6]
48 24

[0, 1, 6, 7] [2 3 4 5 8 9]
[0, 1, 6, 7]
25 38

[0, 8, 9, 7] [1 2 3 4 5 6]
[0, 9, 8, 7]
[8, 9, 0, 7]
14 26 35(45)


[0, 9, 8, 1] [2 3 4 5 6 7]
[8, 1, 9, 0]
27 35

[1, 2, 3, 4] [0 5 6 7 8 9]
[1, 2, 3, 4]
[1, 2, 3, 4]
05 69 79

[1, 2, 5, 6] [0 3 4 7 8 9]
[1, 2, 5, 6]
03 47

[8, 1, 2, 7] [0 3 4 5 6 9]
[8, 1, 2, 7]
46 39

[2, 3, 4, 5] [0 1 6 7 8 9]
[2, 3, 4, 5]
01 89

[2, 3, 6, 7] [0 1 4 5 8 9]
[2, 3, 6, 7]
04 19

[8, 9, 2, 3] [0 1 4 5 6 7]
[8, 9, 2, 3]
06 17

[3, 4, 5, 6] [0 1 2 7 8 9]
[3, 4, 5, 6]
[3, 4, 5, 6]
02 18 29

[8, 3, 4, 7] [0 1 2 5 6 9]
[8, 3, 4, 7]
16 59

[4, 5, 6, 7] [0 1 2 3 8 9]
[4, 5, 6, 7]
08 28 

[8, 9, 4, 5] [0 1 2 3 6 7]
[8, 9, 4, 5]
07 36

[8, 5, 6, 7] [0 1 2 3 4 9]
[8, 5, 6, 7]
[8, 5, 6, 7]
09 49 13

[8, 9, 6, 7] [0 1 2 3 4 5]
[8, 9, 6, 7]


[[3, 7],[5, 6],[5, 8],[1, 2],[2, 3],[4, 8],[2, 5],[1, 4],[2, 7],[6, 7],[0, 5],[6, 8],[0, 3],[3, 8],[4, 6],[3, 5],[7, 8],[6, 9],[7, 9],[0, 1],[4, 7],[0, 4],[3, 9],[0, 6],[8, 9],[0, 2],[1, 9],[1, 6],[1, 7],[5, 7],[1, 8],[2, 9],[0, 8],[5, 9],[0, 7],[2, 8],[0, 9],[3, 6],[2, 4],[4, 9],[1, 3],[1, 5],[3, 4],[2, 6],[4, 5]]

[0, 1, 2, 9] 37 
[0, 1, 2, 9] 56 
[0, 1, 2, 3] 58 
[0, 9, 3, 4] 12 
[0, 1, 4, 5] 23 
[0, 9, 5, 6] 48 
[0, 1, 6, 7] 25 
[0, 8, 9, 7] 14 
[0, 9, 8, 1] 27 
[0, 1, 2, 3] 67
[1, 2, 3, 4] 05 
[0, 1, 4, 5] 68
[1, 2, 5, 6] 03 
[0, 1, 6, 7] 38
[8, 1, 2, 7] 46 
[8, 1, 9, 0] 35
[0, 1, 2, 9] 78
[1, 2, 3, 4] 69 
[1, 2, 3, 4] 79
[2, 3, 4, 5] 01 
[1, 2, 5, 6] 47
[2, 3, 6, 7] 04 
[8, 1, 2, 7] 39
[8, 9, 2, 3] 06 
[2, 3, 4, 5] 89
[3, 4, 5, 6] 02
[2, 3, 6, 7] 19
[8, 3, 4, 7] 16 
[8, 9, 2, 3] 17
[0, 9, 3, 4] 57
[3, 4, 5, 6] 18 
[3, 4, 5, 6] 29
[4, 5, 6, 7] 08 
[8, 3, 4, 7] 59
[8, 9, 4, 5] 07 
[4, 5, 6, 7] 28
[8, 5, 6, 7] 09 
[8, 9, 4, 5] 36
[0, 9, 5, 6] 24
[8, 5, 6, 7] 49 
[8, 5, 6, 7] 13
[8, 9, 6, 7] 15 
[8, 9, 6, 7] 34
[0, 9, 8, 7] 26
[8, 9, 0, 7] 45